-102.2418662905693 114.83183503150
-52.859071642160416 118.4812709689
15.47297928482294 113.287203013896
83.06761831045151 113.794527947902
75.22183656692505 94.26095336
0.3333037020638585 99.54716265201
-67.13950634002686 98.310902714
-81.45538717508316 170.262098312377
-20.464392378926277 166.1880910396
42.11666062474251 163.484409451484
90.19169956445694 164.569854736328
94.83566880226135 143.769860267639
26.01860836148262 149.04808998107
-29.467575252056122 150.727331638
-90.3526097536087 152.3526906967
-85.30838787555695 101.787708699703
-29.600679874420166 83.43751728534
34.93189066648483 82.08241313695
67.54191219806671 81.09509199857
34.83819216489792 82.20054954290
-14.164864085614681 83.091855049
-57.02030658721924 85.70165932178
-68.5037150979042 109.233446419239
-14.510614797472954 106.48349672555
48.911578953266144 103.37562859058
47.93157801032066 135.84335148334
1.2346826260909438 155.13233840465
-43.18299517035484 154.8682004213